[timestamp: 11.60] Entered aftershot
aftershot [[1047, 690]], timestamp 11.6, crosstime 11.5, last10 deque([[1015, 654], [1017, 650], [1018, 648], [1020, 648], [1026, 647], [1029, 648], [1030, 652], [1034, 657], [1037, 660], [1043, 666]])
[timestamp: 11.63] Entered aftershot
aftershot [[1047, 690], [1053, 699]], timestamp 11.633333333333333, crosstime 11.5, last10 deque([[1015, 654], [1017, 650], [1018, 648], [1020, 648], [1026, 647], [1029, 648], [1030, 652], [1034, 657], [1037, 660], [1043, 666]])
[timestamp: 11.70] Entered aftershot
aftershot [[1047, 690], [1053, 699], [1055, 722]], timestamp 11.7, crosstime 11.5, last10 deque([[1015, 654], [1017, 650], [1018, 648], [1020, 648], [1026, 647], [1029, 648], [1030, 652], [1034, 657], [1037, 660], [1043, 666]])
[timestamp: 11.73] Entered aftershot
aftershot [[1047, 690], [1053, 699], [1055, 722], [1057, 735]], timestamp 11.733333333333333, crosstime 11.5, last10 deque([[1015, 654], [1017, 650], [1018, 648], [1020, 648], [1026, 647], [1029, 648], [1030, 652], [1034, 657], [1037, 660], [1043, 666]])
[timestamp: 11.77] Entered aftershot
aftershot [[1047, 690], [1053, 699], [1055, 722], [1057, 735], [1060, 750]], timestamp 11.766666666666666, crosstime 11.5, last10 deque([[1015, 654], [1017, 650], [1018, 648], [1020, 648], [1026, 647], [1029, 648], [1030, 652], [1034, 657], [1037, 660], [1043, 666]])
[timestamp: 11.80] Entered aftershot
aftershot [[1047, 690], [1053, 699], [1055, 722], [1057, 735], [1060, 750], [1061, 765]], timestamp 11.8, crosstime 11.5, last10 deque([[1015, 654], [1017, 650], [1018, 648], [1020, 648], [1026, 647], [1029, 648], [1030, 652], [1034, 657], [1037, 660], [1043, 666]])
[timestamp: 11.83] Entered aftershot
aftershot [[1047, 690], [1053, 699], [1055, 722], [1057, 735], [1060, 750], [1061, 765], [1062, 783]], timestamp 11.833333333333334, crosstime 11.5, last10 deque([[1015, 654], [1017, 650], [1018, 648], [1020, 648], [1026, 647], [1029, 648], [1030, 652], [1034, 657], [1037, 660], [1043, 666]])
[timestamp: 11.87] Entered aftershot
aftershot [[1047, 690], [1053, 699], [1055, 722], [1057, 735], [1060, 750], [1061, 765], [1062, 783], [1063, 802]], timestamp 11.866666666666667, crosstime 11.5, last10 deque([[1015, 654], [1017, 650], [1018, 648], [1020, 648], [1026, 647], [1029, 648], [1030, 652], [1034, 657], [1037, 660], [1043, 666]])
[timestamp: 11.90] Entered aftershot
aftershot [[1047, 690], [1053, 699], [1055, 722], [1057, 735], [1060, 750], [1061, 765], [1062, 783], [1063, 802], [1064, 822]], timestamp 11.9, crosstime 11.5, last10 deque([[1015, 654], [1017, 650], [1018, 648], [1020, 648], [1026, 647], [1029, 648], [1030, 652], [1034, 657], [1037, 660], [1043, 666]])
[timestamp: 11.93] Entered aftershot
aftershot [[1047, 690], [1053, 699], [1055, 722], [1057, 735], [1060, 750], [1061, 765], [1062, 783], [1063, 802], [1064, 822], [1066, 842]], timestamp 11.933333333333334, crosstime 11.5, last10 deque([[1015, 654], [1017, 650], [1018, 648], [1020, 648], [1026, 647], [1029, 648], [1030, 652], [1034, 657], [1037, 660], [1043, 666]])
[timestamp: 11.97] Entered aftershot
aftershot [[1047, 690], [1053, 699], [1055, 722], [1057, 735], [1060, 750], [1061, 765], [1062, 783], [1063, 802], [1064, 822], [1066, 842], [1066, 866]], timestamp 11.966666666666667, crosstime 11.5, last10 deque([[1015, 654], [1017, 650], [1018, 648], [1020, 648], [1026, 647], [1029, 648], [1030, 652], [1034, 657], [1037, 660], [1043, 666]])
[timestamp: 12.07] Entered aftershot
aftershot [[1047, 690], [1053, 699], [1055, 722], [1057, 735], [1060, 750], [1061, 765], [1062, 783], [1063, 802], [1064, 822], [1066, 842], [1066, 866], [1070, 943]], timestamp 12.066666666666666, crosstime 11.5, last10 deque([[1015, 654], [1017, 650], [1018, 648], [1020, 648], [1026, 647], [1029, 648], [1030, 652], [1034, 657], [1037, 660], [1043, 666]])
[timestamp: 13.23] Entered plot logic block
len(last10): 10, len(aftershot10): 12
aftershot [[1047, 690], [1053, 699], [1055, 722], [1057, 735], [1060, 750], [1061, 765], [1062, 783], [1063, 802], [1064, 822], [1066, 842], [1066, 866], [1070, 943]], timestamp 13.233333333333333, crosstime 11.5, last10 deque([[1015, 654], [1017, 650], [1018, 648], [1020, 648], [1026, 647], [1029, 648], [1030, 652], [1034, 657], [1037, 660], [1043, 666]])
[timestamp: 27.13] Entered aftershot
aftershot [[1048, 675]], timestamp 27.133333333333333, crosstime 27.066666666666666, last10 deque([[967, 517], [975, 525], [982, 535], [991, 546], [999, 558], [1006, 570], [1015, 585], [1023, 602], [1030, 620], [1039, 637]])
[timestamp: 27.27] Entered aftershot
aftershot [[1048, 675], [1021, 750]], timestamp 27.266666666666666, crosstime 27.066666666666666, last10 deque([[967, 517], [975, 525], [982, 535], [991, 546], [999, 558], [1006, 570], [1015, 585], [1023, 602], [1030, 620], [1039, 637]])
[timestamp: 27.30] Entered aftershot
aftershot [[1048, 675], [1021, 750], [1016, 770]], timestamp 27.3, crosstime 27.066666666666666, last10 deque([[967, 517], [975, 525], [982, 535], [991, 546], [999, 558], [1006, 570], [1015, 585], [1023, 602], [1030, 620], [1039, 637]])
[timestamp: 27.33] Entered aftershot
aftershot [[1048, 675], [1021, 750], [1016, 770], [1009, 792]], timestamp 27.333333333333332, crosstime 27.066666666666666, last10 deque([[967, 517], [975, 525], [982, 535], [991, 546], [999, 558], [1006, 570], [1015, 585], [1023, 602], [1030, 620], [1039, 637]])
[timestamp: 27.37] Entered aftershot
aftershot [[1048, 675], [1021, 750], [1016, 770], [1009, 792], [1003, 817]], timestamp 27.366666666666667, crosstime 27.066666666666666, last10 deque([[967, 517], [975, 525], [982, 535], [991, 546], [999, 558], [1006, 570], [1015, 585], [1023, 602], [1030, 620], [1039, 637]])
[timestamp: 27.40] Entered aftershot
aftershot [[1048, 675], [1021, 750], [1016, 770], [1009, 792], [1003, 817], [996, 844]], timestamp 27.4, crosstime 27.066666666666666, last10 deque([[967, 517], [975, 525], [982, 535], [991, 546], [999, 558], [1006, 570], [1015, 585], [1023, 602], [1030, 620], [1039, 637]])
[timestamp: 27.43] Entered aftershot
aftershot [[1048, 675], [1021, 750], [1016, 770], [1009, 792], [1003, 817], [996, 844], [991, 871]], timestamp 27.433333333333334, crosstime 27.066666666666666, last10 deque([[967, 517], [975, 525], [982, 535], [991, 546], [999, 558], [1006, 570], [1015, 585], [1023, 602], [1030, 620], [1039, 637]])
[timestamp: 27.47] Entered aftershot
aftershot [[1048, 675], [1021, 750], [1016, 770], [1009, 792], [1003, 817], [996, 844], [991, 871], [984, 898]], timestamp 27.466666666666665, crosstime 27.066666666666666, last10 deque([[967, 517], [975, 525], [982, 535], [991, 546], [999, 558], [1006, 570], [1015, 585], [1023, 602], [1030, 620], [1039, 637]])
[timestamp: 27.50] Entered aftershot
aftershot [[1048, 675], [1021, 750], [1016, 770], [1009, 792], [1003, 817], [996, 844], [991, 871], [984, 898], [978, 931]], timestamp 27.5, crosstime 27.066666666666666, last10 deque([[967, 517], [975, 525], [982, 535], [991, 546], [999, 558], [1006, 570], [1015, 585], [1023, 602], [1030, 620], [1039, 637]])
[timestamp: 27.53] Entered aftershot
aftershot [[1048, 675], [1021, 750], [1016, 770], [1009, 792], [1003, 817], [996, 844], [991, 871], [984, 898], [978, 931], [973, 961]], timestamp 27.53333333333333, crosstime 27.066666666666666, last10 deque([[967, 517], [975, 525], [982, 535], [991, 546], [999, 558], [1006, 570], [1015, 585], [1023, 602], [1030, 620], [1039, 637]])
[timestamp: 27.57] Entered aftershot
aftershot [[1048, 675], [1021, 750], [1016, 770], [1009, 792], [1003, 817], [996, 844], [991, 871], [984, 898], [978, 931], [973, 961], [968, 993]], timestamp 27.566666666666666, crosstime 27.066666666666666, last10 deque([[967, 517], [975, 525], [982, 535], [991, 546], [999, 558], [1006, 570], [1015, 585], [1023, 602], [1030, 620], [1039, 637]])
[timestamp: 27.63] Entered aftershot
aftershot [[1048, 675], [1021, 750], [1016, 770], [1009, 792], [1003, 817], [996, 844], [991, 871], [984, 898], [978, 931], [973, 961], [968, 993], [955, 1061]], timestamp 27.633333333333333, crosstime 27.066666666666666, last10 deque([[967, 517], [975, 525], [982, 535], [991, 546], [999, 558], [1006, 570], [1015, 585], [1023, 602], [1030, 620], [1039, 637]])
[timestamp: 27.67] Entered plot logic block
len(last10): 10, len(aftershot10): 12
aftershot [[1048, 675], [1021, 750], [1016, 770], [1009, 792], [1003, 817], [996, 844], [991, 871], [984, 898], [978, 931], [973, 961], [968, 993], [955, 1061]], timestamp 27.666666666666668, crosstime 27.066666666666666, last10 deque([[967, 517], [975, 525], [982, 535], [991, 546], [999, 558], [1006, 570], [1015, 585], [1023, 602], [1030, 620], [1039, 637]])
[timestamp: 38.90] Entered aftershot
aftershot [[1065, 699]], timestamp 38.9, crosstime 38.833333333333336, last10 deque([[874, 539], [893, 548], [912, 558], [931, 569], [949, 583], [968, 598], [987, 613], [1006, 629], [1027, 649], [1046, 668]])
[timestamp: 38.93] Entered aftershot
aftershot [[1065, 699], [1067, 708]], timestamp 38.93333333333333, crosstime 38.833333333333336, last10 deque([[874, 539], [893, 548], [912, 558], [931, 569], [949, 583], [968, 598], [987, 613], [1006, 629], [1027, 649], [1046, 668]])
[timestamp: 40.20] Entered plot logic block
len(last10): 10, len(aftershot10): 2
aftershot [[1065, 699], [1067, 708]], timestamp 40.2, crosstime 38.833333333333336, last10 deque([[874, 539], [893, 548], [912, 558], [931, 569], [949, 583], [968, 598], [987, 613], [1006, 629], [1027, 649], [1046, 668]])
[timestamp: 55.77] Entered aftershot
aftershot [[1052, 670]], timestamp 55.766666666666666, crosstime 55.733333333333334, last10 deque([[913, 553], [926, 558], [939, 564], [953, 572], [967, 582], [980, 592], [994, 605], [1008, 618], [1024, 634], [1038, 651]])
[timestamp: 55.83] Entered aftershot
aftershot [[1052, 670], [1050, 710]], timestamp 55.833333333333336, crosstime 55.733333333333334, last10 deque([[913, 553], [926, 558], [939, 564], [953, 572], [967, 582], [980, 592], [994, 605], [1008, 618], [1024, 634], [1038, 651]])
[timestamp: 55.90] Entered aftershot
aftershot [[1052, 670], [1050, 710], [1042, 752]], timestamp 55.9, crosstime 55.733333333333334, last10 deque([[913, 553], [926, 558], [939, 564], [953, 572], [967, 582], [980, 592], [994, 605], [1008, 618], [1024, 634], [1038, 651]])
[timestamp: 55.93] Entered aftershot
aftershot [[1052, 670], [1050, 710], [1042, 752], [1039, 775]], timestamp 55.93333333333333, crosstime 55.733333333333334, last10 deque([[913, 553], [926, 558], [939, 564], [953, 572], [967, 582], [980, 592], [994, 605], [1008, 618], [1024, 634], [1038, 651]])
[timestamp: 55.97] Entered aftershot
aftershot [[1052, 670], [1050, 710], [1042, 752], [1039, 775], [1037, 800]], timestamp 55.96666666666667, crosstime 55.733333333333334, last10 deque([[913, 553], [926, 558], [939, 564], [953, 572], [967, 582], [980, 592], [994, 605], [1008, 618], [1024, 634], [1038, 651]])
[timestamp: 56.00] Entered aftershot
aftershot [[1052, 670], [1050, 710], [1042, 752], [1039, 775], [1037, 800], [1035, 825]], timestamp 56.0, crosstime 55.733333333333334, last10 deque([[913, 553], [926, 558], [939, 564], [953, 572], [967, 582], [980, 592], [994, 605], [1008, 618], [1024, 634], [1038, 651]])
[timestamp: 56.03] Entered aftershot
aftershot [[1052, 670], [1050, 710], [1042, 752], [1039, 775], [1037, 800], [1035, 825], [1031, 851]], timestamp 56.03333333333333, crosstime 55.733333333333334, last10 deque([[913, 553], [926, 558], [939, 564], [953, 572], [967, 582], [980, 592], [994, 605], [1008, 618], [1024, 634], [1038, 651]])
[timestamp: 56.07] Entered aftershot
aftershot [[1052, 670], [1050, 710], [1042, 752], [1039, 775], [1037, 800], [1035, 825], [1031, 851], [1029, 879]], timestamp 56.06666666666666, crosstime 55.733333333333334, last10 deque([[913, 553], [926, 558], [939, 564], [953, 572], [967, 582], [980, 592], [994, 605], [1008, 618], [1024, 634], [1038, 651]])
[timestamp: 56.10] Entered aftershot
aftershot [[1052, 670], [1050, 710], [1042, 752], [1039, 775], [1037, 800], [1035, 825], [1031, 851], [1029, 879], [1028, 908]], timestamp 56.1, crosstime 55.733333333333334, last10 deque([[913, 553], [926, 558], [939, 564], [953, 572], [967, 582], [980, 592], [994, 605], [1008, 618], [1024, 634], [1038, 651]])
[timestamp: 56.13] Entered aftershot
aftershot [[1052, 670], [1050, 710], [1042, 752], [1039, 775], [1037, 800], [1035, 825], [1031, 851], [1029, 879], [1028, 908], [1028, 940]], timestamp 56.13333333333333, crosstime 55.733333333333334, last10 deque([[913, 553], [926, 558], [939, 564], [953, 572], [967, 582], [980, 592], [994, 605], [1008, 618], [1024, 634], [1038, 651]])
[timestamp: 56.17] Entered aftershot
aftershot [[1052, 670], [1050, 710], [1042, 752], [1039, 775], [1037, 800], [1035, 825], [1031, 851], [1029, 879], [1028, 908], [1028, 940], [1026, 971]], timestamp 56.166666666666664, crosstime 55.733333333333334, last10 deque([[913, 553], [926, 558], [939, 564], [953, 572], [967, 582], [980, 592], [994, 605], [1008, 618], [1024, 634], [1038, 651]])
[timestamp: 56.20] Entered aftershot
aftershot [[1052, 670], [1050, 710], [1042, 752], [1039, 775], [1037, 800], [1035, 825], [1031, 851], [1029, 879], [1028, 908], [1028, 940], [1026, 971], [1024, 1003]], timestamp 56.199999999999996, crosstime 55.733333333333334, last10 deque([[913, 553], [926, 558], [939, 564], [953, 572], [967, 582], [980, 592], [994, 605], [1008, 618], [1024, 634], [1038, 651]])
[timestamp: 56.23] Entered aftershot
aftershot [[1052, 670], [1050, 710], [1042, 752], [1039, 775], [1037, 800], [1035, 825], [1031, 851], [1029, 879], [1028, 908], [1028, 940], [1026, 971], [1024, 1003], [1022, 1035]], timestamp 56.233333333333334, crosstime 55.733333333333334, last10 deque([[913, 553], [926, 558], [939, 564], [953, 572], [967, 582], [980, 592], [994, 605], [1008, 618], [1024, 634], [1038, 651]])
[timestamp: 56.27] Entered aftershot
aftershot [[1052, 670], [1050, 710], [1042, 752], [1039, 775], [1037, 800], [1035, 825], [1031, 851], [1029, 879], [1028, 908], [1028, 940], [1026, 971], [1024, 1003], [1022, 1035], [1017, 1050]], timestamp 56.266666666666666, crosstime 55.733333333333334, last10 deque([[913, 553], [926, 558], [939, 564], [953, 572], [967, 582], [980, 592], [994, 605], [1008, 618], [1024, 634], [1038, 651]])
[timestamp: 56.30] Entered aftershot
aftershot [[1052, 670], [1050, 710], [1042, 752], [1039, 775], [1037, 800], [1035, 825], [1031, 851], [1029, 879], [1028, 908], [1028, 940], [1026, 971], [1024, 1003], [1022, 1035], [1017, 1050], [1010, 1021]], timestamp 56.3, crosstime 55.733333333333334, last10 deque([[913, 553], [926, 558], [939, 564], [953, 572], [967, 582], [980, 592], [994, 605], [1008, 618], [1024, 634], [1038, 651]])
[timestamp: 56.33] Entered plot logic block
len(last10): 10, len(aftershot10): 15
aftershot [[1052, 670], [1050, 710], [1042, 752], [1039, 775], [1037, 800], [1035, 825], [1031, 851], [1029, 879], [1028, 908], [1028, 940], [1026, 971], [1024, 1003], [1022, 1035], [1017, 1050], [1010, 1021]], timestamp 56.333333333333336, crosstime 55.733333333333334, last10 deque([[913, 553], [926, 558], [939, 564], [953, 572], [967, 582], [980, 592], [994, 605], [1008, 618], [1024, 634], [1038, 651]])
[timestamp: 5.33] Entered aftershot
aftershot [[344, 283]], timestamp 5.333333333333333, crosstime 5.033333333333333, last10 deque([[305, 185], [309, 186], [313, 188], [318, 191], [322, 194], [327, 198], [331, 201], [336, 205], [342, 211], [347, 217]])
[timestamp: 5.40] Entered aftershot
aftershot [[344, 283], [343, 303]], timestamp 5.4, crosstime 5.033333333333333, last10 deque([[305, 185], [309, 186], [313, 188], [318, 191], [322, 194], [327, 198], [331, 201], [336, 205], [342, 211], [347, 217]])
[timestamp: 5.43] Entered aftershot
aftershot [[344, 283], [343, 303], [343, 314]], timestamp 5.433333333333334, crosstime 5.033333333333333, last10 deque([[305, 185], [309, 186], [313, 188], [318, 191], [322, 194], [327, 198], [331, 201], [336, 205], [342, 211], [347, 217]])
[timestamp: 5.47] Entered aftershot
aftershot [[344, 283], [343, 303], [343, 314], [342, 324]], timestamp 5.466666666666667, crosstime 5.033333333333333, last10 deque([[305, 185], [309, 186], [313, 188], [318, 191], [322, 194], [327, 198], [331, 201], [336, 205], [342, 211], [347, 217]])
[timestamp: 5.50] Entered aftershot
aftershot [[344, 283], [343, 303], [343, 314], [342, 324], [341, 335]], timestamp 5.5, crosstime 5.033333333333333, last10 deque([[305, 185], [309, 186], [313, 188], [318, 191], [322, 194], [327, 198], [331, 201], [336, 205], [342, 211], [347, 217]])
[timestamp: 5.57] Entered aftershot
aftershot [[344, 283], [343, 303], [343, 314], [342, 324], [341, 335], [339, 350]], timestamp 5.566666666666666, crosstime 5.033333333333333, last10 deque([[305, 185], [309, 186], [313, 188], [318, 191], [322, 194], [327, 198], [331, 201], [336, 205], [342, 211], [347, 217]])
[timestamp: 5.60] Entered aftershot
aftershot [[344, 283], [343, 303], [343, 314], [342, 324], [341, 335], [339, 350], [337, 340]], timestamp 5.6, crosstime 5.033333333333333, last10 deque([[305, 185], [309, 186], [313, 188], [318, 191], [322, 194], [327, 198], [331, 201], [336, 205], [342, 211], [347, 217]])
[timestamp: 5.67] Entered plot logic block
len(last10): 10, len(aftershot10): 7
aftershot [[344, 283], [343, 303], [343, 314], [342, 324], [341, 335], [339, 350], [337, 340]], timestamp 5.666666666666667, crosstime 5.033333333333333, last10 deque([[305, 185], [309, 186], [313, 188], [318, 191], [322, 194], [327, 198], [331, 201], [336, 205], [342, 211], [347, 217]])
[timestamp: 18.63] Entered aftershot
aftershot [[328, 231]], timestamp 18.633333333333333, crosstime 18.6, last10 deque([[295, 195], [300, 197], [305, 200], [310, 202], [315, 206], [320, 210], [326, 215], [331, 219], [335, 222], [331, 227]])
[timestamp: 18.67] Entered aftershot
aftershot [[328, 231], [324, 234]], timestamp 18.666666666666668, crosstime 18.6, last10 deque([[295, 195], [300, 197], [305, 200], [310, 202], [315, 206], [320, 210], [326, 215], [331, 219], [335, 222], [331, 227]])
[timestamp: 18.70] Entered aftershot
aftershot [[328, 231], [324, 234], [321, 238]], timestamp 18.7, crosstime 18.6, last10 deque([[295, 195], [300, 197], [305, 200], [310, 202], [315, 206], [320, 210], [326, 215], [331, 219], [335, 222], [331, 227]])
[timestamp: 18.73] Entered aftershot
aftershot [[328, 231], [324, 234], [321, 238], [318, 242]], timestamp 18.733333333333334, crosstime 18.6, last10 deque([[295, 195], [300, 197], [305, 200], [310, 202], [315, 206], [320, 210], [326, 215], [331, 219], [335, 222], [331, 227]])
[timestamp: 18.77] Entered aftershot
aftershot [[328, 231], [324, 234], [321, 238], [318, 242], [315, 247]], timestamp 18.766666666666666, crosstime 18.6, last10 deque([[295, 195], [300, 197], [305, 200], [310, 202], [315, 206], [320, 210], [326, 215], [331, 219], [335, 222], [331, 227]])
[timestamp: 18.80] Entered aftershot
aftershot [[328, 231], [324, 234], [321, 238], [318, 242], [315, 247], [312, 251]], timestamp 18.8, crosstime 18.6, last10 deque([[295, 195], [300, 197], [305, 200], [310, 202], [315, 206], [320, 210], [326, 215], [331, 219], [335, 222], [331, 227]])
[timestamp: 18.83] Entered aftershot
aftershot [[328, 231], [324, 234], [321, 238], [318, 242], [315, 247], [312, 251], [308, 257]], timestamp 18.833333333333332, crosstime 18.6, last10 deque([[295, 195], [300, 197], [305, 200], [310, 202], [315, 206], [320, 210], [326, 215], [331, 219], [335, 222], [331, 227]])
[timestamp: 18.87] Entered aftershot
aftershot [[328, 231], [324, 234], [321, 238], [318, 242], [315, 247], [312, 251], [308, 257], [306, 263]], timestamp 18.866666666666667, crosstime 18.6, last10 deque([[295, 195], [300, 197], [305, 200], [310, 202], [315, 206], [320, 210], [326, 215], [331, 219], [335, 222], [331, 227]])
[timestamp: 18.90] Entered aftershot
aftershot [[328, 231], [324, 234], [321, 238], [318, 242], [315, 247], [312, 251], [308, 257], [306, 263], [303, 268]], timestamp 18.9, crosstime 18.6, last10 deque([[295, 195], [300, 197], [305, 200], [310, 202], [315, 206], [320, 210], [326, 215], [331, 219], [335, 222], [331, 227]])
[timestamp: 18.93] Entered aftershot
aftershot [[328, 231], [324, 234], [321, 238], [318, 242], [315, 247], [312, 251], [308, 257], [306, 263], [303, 268], [300, 275]], timestamp 18.933333333333334, crosstime 18.6, last10 deque([[295, 195], [300, 197], [305, 200], [310, 202], [315, 206], [320, 210], [326, 215], [331, 219], [335, 222], [331, 227]])
[timestamp: 18.97] Entered aftershot
aftershot [[328, 231], [324, 234], [321, 238], [318, 242], [315, 247], [312, 251], [308, 257], [306, 263], [303, 268], [300, 275], [297, 281]], timestamp 18.966666666666665, crosstime 18.6, last10 deque([[295, 195], [300, 197], [305, 200], [310, 202], [315, 206], [320, 210], [326, 215], [331, 219], [335, 222], [331, 227]])
[timestamp: 19.00] Entered aftershot
aftershot [[328, 231], [324, 234], [321, 238], [318, 242], [315, 247], [312, 251], [308, 257], [306, 263], [303, 268], [300, 275], [297, 281], [295, 287]], timestamp 19.0, crosstime 18.6, last10 deque([[295, 195], [300, 197], [305, 200], [310, 202], [315, 206], [320, 210], [326, 215], [331, 219], [335, 222], [331, 227]])
[timestamp: 19.03] Entered aftershot
aftershot [[328, 231], [324, 234], [321, 238], [318, 242], [315, 247], [312, 251], [308, 257], [306, 263], [303, 268], [300, 275], [297, 281], [295, 287], [292, 294]], timestamp 19.03333333333333, crosstime 18.6, last10 deque([[295, 195], [300, 197], [305, 200], [310, 202], [315, 206], [320, 210], [326, 215], [331, 219], [335, 222], [331, 227]])
[timestamp: 19.07] Entered aftershot
aftershot [[328, 231], [324, 234], [321, 238], [318, 242], [315, 247], [312, 251], [308, 257], [306, 263], [303, 268], [300, 275], [297, 281], [295, 287], [292, 294], [290, 302]], timestamp 19.066666666666666, crosstime 18.6, last10 deque([[295, 195], [300, 197], [305, 200], [310, 202], [315, 206], [320, 210], [326, 215], [331, 219], [335, 222], [331, 227]])
[timestamp: 19.10] Entered aftershot
aftershot [[328, 231], [324, 234], [321, 238], [318, 242], [315, 247], [312, 251], [308, 257], [306, 263], [303, 268], [300, 275], [297, 281], [295, 287], [292, 294], [290, 302], [288, 310]], timestamp 19.1, crosstime 18.6, last10 deque([[295, 195], [300, 197], [305, 200], [310, 202], [315, 206], [320, 210], [326, 215], [331, 219], [335, 222], [331, 227]])
[timestamp: 19.13] Entered aftershot
aftershot [[328, 231], [324, 234], [321, 238], [318, 242], [315, 247], [312, 251], [308, 257], [306, 263], [303, 268], [300, 275], [297, 281], [295, 287], [292, 294], [290, 302], [288, 310], [285, 317]], timestamp 19.133333333333333, crosstime 18.6, last10 deque([[295, 195], [300, 197], [305, 200], [310, 202], [315, 206], [320, 210], [326, 215], [331, 219], [335, 222], [331, 227]])
[timestamp: 19.17] Entered aftershot
aftershot [[328, 231], [324, 234], [321, 238], [318, 242], [315, 247], [312, 251], [308, 257], [306, 263], [303, 268], [300, 275], [297, 281], [295, 287], [292, 294], [290, 302], [288, 310], [285, 317], [283, 325]], timestamp 19.166666666666668, crosstime 18.6, last10 deque([[295, 195], [300, 197], [305, 200], [310, 202], [315, 206], [320, 210], [326, 215], [331, 219], [335, 222], [331, 227]])
[timestamp: 19.27] Entered plot logic block
len(last10): 10, len(aftershot10): 17
aftershot [[328, 231], [324, 234], [321, 238], [318, 242], [315, 247], [312, 251], [308, 257], [306, 263], [303, 268], [300, 275], [297, 281], [295, 287], [292, 294], [290, 302], [288, 310], [285, 317], [283, 325]], timestamp 19.266666666666666, crosstime 18.6, last10 deque([[295, 195], [300, 197], [305, 200], [310, 202], [315, 206], [320, 210], [326, 215], [331, 219], [335, 222], [331, 227]])
